,id2,cluster,birth_ye,sample_c,h_18,h_19,h_20,h_21,h_22,h_23,h_24,h_25,h_26,h_27,h_28,h_29,h_30,h_31,h_32,h_33,h_34,h_35_a,h_36,h_37,h_38,h_39,h_40,h_41,h_42,h_43_1,h_43_2,h_44_1,h_44_2,h_44_3,h_45,z_52,z_53,z_54,z_56_1,z_56_2,z_56_3,z_56_4,z_56_5,z_56_6,z_56_7,h_57,h_58,h_59,h_60,h_61,h_62,h_63_1,h_63_2,h_64_1,h_64_2,sumScore,tertiles,n_82,n_83,n_84,n_85,n_86,n_87,n_88,n_89,n_90,n_91,n_92,n_93,z_55_School service,z_55_Walking,z_55_bus,z_55_car,cross_Elemantry,cross_intermidiate,sex_Boy,sex_Girl
id2,1.0,0.9999778526226437,-0.26192487647435303,-0.012046455910929219,-0.1234515728008661,-0.05569468850360485,-0.07886228425226029,0.04741464360060443,0.17320013032351605,0.09895517569872865,-0.11162857735582388,-0.01146618031393859,0.030655638976094416,0.11581136417645878,-0.005726230951247941,-0.05094592334783883,0.06717050194687618,-0.16213382967267717,0.08213959701841786,0.034905767653075216,0.004186382729278536,-0.06851871529794065,-0.0011970323894632188,0.07133649946264288,0.10605554068260627,-0.051880193468577404,0.003604866287844676,-0.08198459701926225,-0.01009998774006327,-0.019185222654821633,0.11094339740930484,-0.0982120549071841,-0.11322722997708393,-0.13298974139251932,0.16141338744041475,-0.04479892902476915,-0.023854836651830667,-0.07000566794787036,0.0652442835973321,0.19767771021445904,0.05461573200572925,-0.039380444034783586,-0.033904355977581804,-0.17386019677553133,-0.06641315922360515,-0.1007786562757699,-0.016335854055152286,0.2247154120659857,0.13453925956102022,0.03618402121518678,-0.033283442002162024,-0.06791229990578465,0.10176452440876395,0.029380741660023416,0.08199001733949157,-0.11045525489491573,0.030424552937455506,0.18529537789149414,-0.018074365370857094,0.16032549248443767,0.18008802825556505,0.10373287273679999,0.2511119279567827,0.1630501514358995,0.13121949782305273,-0.02058311004664347,0.12802569985779952,-0.0020004740517002863,0.001228328386822518,-0.04223356011492284,0.0006465381181348481,0.139281713614815,-0.057019257927174105,-0.22448759985810718,0.2244875998581069,-0.607397213701727,0.6073972137017271
cluster,0.9999778526226437,1.0,-0.25662547770394467,-0.012052418131973303,-0.12374741723600971,-0.05502078861121483,-0.07979685359743238,0.047087920140495135,0.17264467309810383,0.09780214619301952,-0.11198347699474052,-0.011000843691455537,0.030791590705594087,0.11623148515052781,-0.0060910965772882015,-0.0505142328953199,0.06706184303108173,-0.1621657075408014,0.08157011803368948,0.034271513972410995,0.00366515916485793,-0.06842824311439667,-0.00041476576721123025,0.07172283762124243,0.10563009883399313,-0.05202560718899992,0.00270220650105291,-0.08282117430446052,-0.010233739795221821,-0.019157685911790474,0.10989543139366054,-0.0988824246213323,-0.1140220735092188,-0.13244655298995917,0.1617894524878409,-0.04491776000189445,-0.025352185658273747,-0.07012031744259004,0.06523836691446477,0.19787430391554042,0.05465377780497705,-0.04005172221114664,-0.035076073735376974,-0.1738440947048084,-0.06653897857116847,-0.10089461247619753,-0.016144031396365846,0.22473112567527567,0.13456439693772054,0.03541290097796291,-0.03392504003803945,-0.06684842882452459,0.10051118867308653,0.031394941664790406,0.08116270505576398,-0.1104940176784854,0.030427942144381107,0.18484304147411526,-0.017122984142463802,0.15938677745215046,0.17986883281167035,0.10351557572064252,0.25001432781122496,0.16260260191866488,0.13069761808496771,-0.0199125611948281,0.12798786732876333,-0.0022083482465977415,0.0027794820363282718,-0.040704199485197136,-0.00012466829269547518,0.1371556359938492,-0.056216090845974634,-0.21800492125380747,0.2180049212538071,-0.6113740618186759,0.611374061818676
birth_ye,-0.26192487647435303,-0.25662547770394467,1.0,-0.04862067088491906,0.007069881588148753,0.10034845298855961,-0.10368150512726698,-0.13660248713803538,-0.14831764195477756,-0.20400959323691067,0.018381068060978827,0.15529748733785106,-0.08786115119766724,-0.05282712897736406,0.02546877551199916,0.10540647632490917,-0.004582054695256581,0.03861952452070862,-0.11582934580311204,-0.16813715787333192,-0.14571934823763522,-0.009345866954304678,0.13904429422442421,0.032708653738334405,-0.047763178765892166,0.05801812766308726,-0.08816243099836218,-0.07702556394244221,-0.11421031764941639,0.09784205947150107,-0.17997417640861874,0.006165733839824157,-0.07565078484673485,0.1102556383178893,-0.07509631906014369,-0.11777037387504934,-0.19250108549107098,-0.05929668570706179,-0.040825026611188156,-0.031936754232883946,-0.12365660196588368,-0.11703118769893979,-0.22040020633382965,-0.02425224017266801,-0.05780106966180592,0.002026697028532861,0.024735220432141786,-0.09212702928459238,-0.08900183288084745,-0.24379384915680918,-0.23321786358621044,0.23053276909077883,-0.18828240369234853,0.2602595891579487,-0.20961803853184657,0.054810317092252016,0.009081743132401836,-0.1520423662034555,0.09236759057079211,-0.28056644249959944,-0.09600250378274082,-0.05473977141381709,-0.2889588241706333,-0.1515945426481146,-0.2391990425783351,0.1336459683524348,-0.12655103705486823,-0.057053345775634354,0.2773438402530286,0.10427274848947342,0.04639043033842489,-0.40021328134201134,0.11798280290309529,0.8395283867103941,-0.8395283867103943,-0.3679867426224364,0.3679867426224362
sample_c,-0.012046455910929219,-0.012052418131973303,-0.04862067088491906,1.0,0.04387235933055641,-0.050043589748896763,0.08612933838775301,0.006065382113642437,-0.023748576107578332,0.07972495995019147,0.03928729158828271,-0.20919731496203642,0.06874458071055989,-0.02429798214429105,-0.08788057760550837,-0.02441194656877555,-0.13851836104800969,-0.05335581737536756,-0.07700897321257444,-0.06897683346719856,0.027242799242425564,0.033736507811376076,-0.029852624226231587,-0.05981026966940655,-0.05684295927601636,-0.02228132853108363,-0.05929206190711135,-0.015514253245740375,-0.019113897727104482,-0.05907123488963655,-0.1505088608247074,-0.026893363866007252,-0.13322252270607915,0.05837758890017997,0.03394421303733064,0.003003775716332766,0.058568973944352995,0.07978197368384697,-0.11494001706228048,-0.03592947604399759,-0.10285947521149282,0.006799277840207719,-0.0558213609792387,0.0531491817082193,-0.01337419319643775,-0.026556312326204066,-0.08416254547877362,-0.029863168976595713,-1.566735053849965e-05,0.04530106461898413,0.07451773764475854,-0.05416920341346251,-0.009631676810422785,-0.0015401215384731478,0.025420872153276503,0.07331705981779095,-0.053604477800290415,0.007661530693742162,0.07773147503055709,0.0942816710372939,0.09076121480905418,0.0284739892469977,0.06329534029991588,-0.008846966787014533,0.005062814021087617,0.12513409681627083,0.017425896866873195,-0.021633515911000576,0.03064238729314788,0.0014341253401470154,0.06696888566946453,-0.08108320343250874,-0.03170089789345075,-0.00037319922194667507,0.00037319922194665816,0.034191882171121034,-0.03419188217112103
h_18,-0.1234515728008661,-0.12374741723600971,0.007069881588148753,0.04387235933055641,1.0,0.1195761523894973,-0.008337554003846621,-0.06172641251491604,-0.10481790829193367,-0.02181061973855253,0.06048328146902923,-0.0854909744732891,0.19709853192854812,0.10724143659564152,0.05478400380676385,-0.020351602383573215,-0.10565685537405256,0.016536340511017798,0.006778749116766654,-0.03902145165674297,-0.05512704530432164,-0.002684144939258779,0.004823539938619404,-0.05580666771811888,-0.1122532807214452,-0.15513148326935725,-0.056940298397705646,-0.030657900143713418,0.017773526823839033,0.07684761375526143,0.108546750305392,0.15017236279701177,0.06002555118699633,-0.05898715316530319,-0.13167673053681708,-0.02775370963626431,0.05813270867346274,0.033409726608957156,-0.016139573102264593,-0.11436570616412155,-0.05963935172595203,-0.008792368941039902,0.003566933656429012,-0.09602980141786786,-0.07971642486638035,-0.10003953704499974,-0.03462109371039946,-0.14134459449121767,-0.10852653799459844,-0.006457425309009885,0.009672610584785857,0.1710396010123615,0.05295551174305174,0.05100975328186816,0.002254141759120233,-0.11151029089569288,0.15982936837206652,0.030141818419203954,0.06845656362988048,0.03710313891164763,-0.0021537230730103553,-0.021078279758757115,-0.08856495172411005,-0.10243236104686329,0.070684404078369,0.004813923693759429,-0.00760954419625577,0.03907774928229773,0.01786912396878374,-0.20447280607507717,0.07598895022630663,0.0902338378139259,0.08453057787025998,-0.021976760887024407,0.021976760887024462,0.17280421397282092,-0.17280421397282097
h_19,-0.05569468850360485,-0.05502078861121483,0.10034845298855961,-0.050043589748896763,0.1195761523894973,1.0,-0.059038530260203274,0.03644052390336386,0.1308169018917403,0.25579005966822355,-0.06318796264428542,0.11105114136696907,0.14935616684748373,0.15950216518290683,0.03540803290043026,-0.03263926139012631,0.17938154984570062,0.015344233084164494,0.16962791928085796,0.023648997720559835,0.05603038705219126,0.14522949277395575,0.20892841800027948,0.2570223280556546,0.15536490454544577,0.0016521864123032678,0.1115287609776623,0.07451059821386041,0.07978605413819728,0.02061478253857867,-0.08276769671489026,0.018019068823030733,0.08376655662384648,0.02936493868081546,0.14713549716566332,0.036270258925268486,-0.049504734139442653,-0.01573398524256396,-0.016991668864576627,-0.03482284586579229,-0.06937791814892447,0.0034178587827413858,0.07209788019134532,-0.01875093636382367,-0.07539744587175616,0.18663834049673866,0.19513081095143364,-0.028113202600118025,-0.11261842170492382,0.18922397197133606,0.25746958288027194,0.062013732802539225,0.161609781113752,0.15674025478717107,0.22544980072279838,-0.03387547488609258,0.0512580870081854,0.03599621520226147,-0.013395167533401243,0.05777306280770215,0.06766498423368526,0.13791175837053782,0.03358021673816744,0.03731455687713373,-0.0017134383609624805,-0.06273197852563298,0.07842333961743356,-0.019110717942021273,-0.011467304003355454,0.13126088783948855,-0.11344921664624923,-0.02748412026170669,0.0125017550787002,0.1132172079261083,-0.11321720792610841,-0.05190544444004324,0.051905444440043164
h_20,-0.07886228425226029,-0.07979685359743238,-0.10368150512726698,0.08612933838775301,-0.008337554003846621,-0.059038530260203274,1.0,0.3186900595204637,-0.0962955955836606,-0.10496822230537234,0.2969898530233663,0.04616905115214433,-0.15801160964980018,-0.18302923656454934,0.19220653052867034,-0.0460072062816876,0.027966118261566846,-0.16435341704185644,-0.1662565915268056,-0.14693183983681718,-0.014238157876973837,0.23333166287611132,0.041593614855623025,0.03506452949614443,0.10173613758952195,0.17862257968509704,0.21099764061294637,0.24390486644225387,-0.05063478824698222,0.09887945154865917,0.05379261491262846,0.0710593773840918,0.008943107356764625,0.11630097503937246,-0.0473474924622297,0.04311925221258849,0.1386092756918114,-0.008669526889909624,-0.01881771974063094,-0.056323017883017704,0.13868918012151346,0.021555353459447698,-0.0338323296102222,0.007648559298675922,-0.007894568271008559,-0.089035829893728,-0.10282386334304836,0.06536747661801792,0.08224656284593636,-0.047432188092465834,-0.017456280326501546,-0.01642676184346709,0.05955184532553759,-0.12097017775274568,-0.0883842217643085,0.07552380259501132,-0.1608821153668534,-0.13839026313366434,-0.1607196005376761,0.09622989924419112,0.005546264731544339,-0.15139707030090788,0.014240641213820886,0.014845841714001884,-0.07082680703431816,0.030988043530403776,0.012068702986326096,0.12758203127746104,0.0834796499737703,-0.05963934919102327,-0.08912006462892597,0.06691055927795778,0.14889724574446803,-0.12602828911494884,0.12602828911494884,0.20721382649806586,-0.2072138264980657
h_21,0.04741464360060443,0.047087920140495135,-0.13660248713803538,0.006065382113642437,-0.06172641251491604,0.03644052390336386,0.3186900595204637,1.0,0.02618822137478472,0.10528950020119103,-0.07826197914745664,0.09924855569590228,-0.02617067199103699,-0.017508018506280677,0.035181201264995826,-0.045254994902873664,-0.02937017038078936,-0.0658822490899622,0.020883271154273547,-0.0909552852664418,0.05376865208324475,0.007592999469744258,0.035876686068138486,0.030577155168153004,0.056725274471403436,0.1758005715954966,0.19221941407550244,0.1935976854093387,0.05477455998714943,0.03019018395553077,0.054169501748240076,-0.0251062216366103,-0.02587553328406408,-0.006452052300847863,0.06374501055897938,-0.06482851764011055,0.019564345544341923,0.05985067003404957,0.04953387480555935,0.02451991379667826,0.12783585021847685,-0.015943881300755147,0.09137092693946613,-0.0433636785195165,-0.02898446243631787,-0.03327407102501893,-0.002385096638975702,0.0650254463770099,0.03309911218371909,-0.008695742043441786,0.005362305021546115,0.029715063693920622,0.0760093962889966,0.011757352769837234,0.0721553288265226,-0.13885698239431665,0.02275010825334065,0.020156762793588075,-0.05167690011849352,0.01000224729471935,0.06889127756488764,0.01549587328103864,-0.06468380869538153,0.09475534768090726,0.07325881726997145,0.011748177579102254,-0.07586885707040138,-0.005937468639104254,-0.043629525018877145,0.07724268041554556,-0.11598936612224635,0.06357172763780766,0.013338940892658628,-0.05832200071222976,0.05832200071222971,-0.004797632472772908,0.00479763247277292
h_22,0.17320013032351605,0.17264467309810383,-0.14831764195477756,-0.023748576107578332,-0.10481790829193367,0.1308169018917403,-0.0962955955836606,0.02618822137478472,1.0,0.5186969020368084,-0.010028835936927742,0.11226904755590761,0.12650950409587025,0.12254187128394771,0.024918781194261386,-0.05885457513547389,0.03810294995657338,-0.048924498413668686,-0.025243251593477106,0.028505272062257517,0.09400538046246959,0.14101825907019414,0.11595522841688606,0.1566010959898569,0.09690848061483065,0.05854415770639454,0.18348185026381048,-0.0014407983339777065,0.19274450103317456,-0.1733195824261793,-0.08151071696721135,-0.2151889673333981,-0.13485223242899655,-0.005745252774203941,0.08381204801197444,0.03381632374519217,0.03539036006886071,0.11061591236695881,-0.15331784359409617,-0.13413724384271467,0.0008781157879015963,-0.06615831572984907,0.02720518293461873,-0.07998107745205904,-0.1060464905831308,0.005852931519985103,0.05312886254305194,0.13885565612204265,0.11158929649038314,0.1275293711196618,0.12921359130310697,-0.18367781515532952,0.08204457029003678,-0.13959571182985356,0.11580538832240359,0.038154970224285385,-0.053236255504926694,0.1454765406708253,-0.01462904769154363,0.08872354553244222,0.10593254072262319,0.12556957693020127,0.19476796984385633,0.19804584559779123,0.11133097239178179,-0.10729818889120828,0.11921379215009478,-0.12160158356146966,-0.16888584194876047,0.30207858861197157,-0.2527808571331441,0.030541145747583532,-0.05725090919335644,-0.11302052397992599,0.11302052397992586,-0.13169431445769245,0.1316943144576925
h_23,0.09895517569872865,0.09780214619301952,-0.20400959323691067,0.07972495995019147,-0.02181061973855253,0.25579005966822355,-0.10496822230537234,0.10528950020119103,0.5186969020368084,1.0,-0.10014925614686153,-0.07893819852620883,0.2965087341916583,0.303388887637328,-0.06581518819048686,-0.07334402603283106,0.11885968281863349,-0.17703129357904457,-0.05232055660725568,0.021139323343879735,-0.0386939414936224,0.08837322217464512,0.09314697889483292,0.1639136348650318,0.034403189324470264,-0.03002041455057508,-0.0016231915660002174,-0.059961330886584674,0.14108937246954922,-0.07220817960515664,-0.07961302208485754,-0.061416024949738975,0.06708738467070771,-0.020517065207361417,0.14380035188190485,0.011896280323306736,-0.03378960302385123,-0.00022241359447843046,-0.10912480872365157,-0.07290701569903942,-0.13437088548836176,-0.013293844778268218,0.07031534178529913,-0.0548983182633913,-0.10478997470806961,0.10198465675640778,0.11321220949197587,0.11548914074463404,0.07384162825456217,0.1841949373621833,0.19669777035372643,-0.25008020193711544,0.3332599166387122,-0.12335985726073781,0.2889445147385911,-0.14052275968264902,0.07864947467772311,-0.0015160716325470468,-0.05061831259130258,0.08299224079232846,0.06438235530390579,0.27920744548212045,0.1797950594333892,0.17372541552275467,0.006445932864479622,-0.13069803960256776,0.05392045148699793,-0.020718366563547145,-0.20925224708428605,0.2202468767020557,-0.11587222883315722,0.022525668597118253,-0.13813177415960057,-0.18670399283611017,0.1867039928361102,-0.0001274428214902426,0.0001274428214903074
h_24,-0.11162857735582388,-0.11198347699474052,0.018381068060978827,0.03928729158828271,0.06048328146902923,-0.06318796264428542,0.2969898530233663,-0.07826197914745664,-0.010028835936927742,-0.10014925614686153,1.0,0.044619331120898095,-0.1091525932858026,-0.14979644583077376,0.3017188518663913,-0.014899379852085481,-0.050440790358330365,-0.0014024047141778988,-0.12682510934793872,-0.16152403827264292,-0.010000007849422418,0.17417102132831477,-0.10535969730776477,-0.050110229105324214,-0.07286306260699085,0.11970523042080489,0.059399290996739906,-0.03282789904008666,-0.09562603579965168,-0.05012626067119545,-0.0849338443069496,0.08135466788825094,0.05111427811696463,0.03428052042058346,-0.16207508123528303,0.06413117505828451,0.11230712204611575,0.0015503485833646817,0.011673278143978614,0.013309571257120118,0.11782163284832599,0.16481438987895575,0.03948608584370427,0.1329209860753466,0.0897839495021037,-0.1702728279053892,-0.15245753867493572,-0.05522529250461471,0.02714796523668144,-0.09501622878856533,0.0009131590915551148,-0.024867820073801884,0.04647750416488568,-0.11723832132638155,0.04716755982614165,0.06144433980544123,-0.05842663516184248,-0.1735884959672614,-0.10812535566252403,-0.03281104069614791,0.01562894656435079,-0.1872511942910023,-0.08253103069694777,-0.03178323357235778,-0.039921312798346896,0.08252573264693341,-0.09803908827679668,0.047589342437209525,0.07190611343031628,0.06455193651435423,0.031028741496795624,-0.10507368660808099,-0.04331028638228135,-0.030016063931351387,0.030016063931351464,0.1335794545034161,-0.1335794545034161
h_25,-0.01146618031393859,-0.011000843691455537,0.15529748733785106,-0.20919731496203642,-0.0854909744732891,0.11105114136696907,0.04616905115214433,0.09924855569590228,0.11226904755590761,-0.07893819852620883,0.044619331120898095,1.0,-0.13113875611729192,-0.1401990351133662,0.2477518334086975,0.22048239503639125,0.09910819768842122,0.06402494775089403,0.04505389244956567,-0.19524274000047825,0.030435816118563868,0.03187703596165039,0.07881802273522168,0.07942684183176967,0.1209624564337372,0.06976576956483953,0.15745916432444337,0.09991431144732191,0.02018812132166703,-0.11970346954351266,-0.03307856807521766,-0.006692145320656966,-0.08046742493087797,0.06852803696247882,0.002504001775558303,-0.0027491311541208586,0.029867384554474994,-0.09279930515040927,-0.02161526974439132,-0.047180761408725784,0.10222518934560869,0.013060648622718595,0.036333195256704275,0.05235424784065893,0.009892924654979403,-0.037078652533502496,0.007120459290133444,0.03958258070325083,0.00423005032096953,-0.05821965216528465,-0.1350726210559742,0.07779552841639482,0.008123038916990654,0.004609138242078138,-0.027136428795306155,0.06009299565674284,-0.04703786971844222,-0.14506697461492832,-0.1646862590905789,-0.16600177666617524,-0.14923986353099644,-0.09573524556316314,-0.17123143774981892,-0.11161706461724127,-0.12302247415810671,0.06850189233611159,-0.07078082017343992,-0.052930905011864475,0.12283326772947674,0.06453359105519728,-0.039349347054157234,-0.13606040168294112,0.08019714011035975,0.07254762501100077,-0.07254762501100077,-0.05147268992707635,0.05147268992707636
h_26,0.030655638976094416,0.030791590705594087,-0.08786115119766724,0.06874458071055989,0.19709853192854812,0.14935616684748373,-0.15801160964980018,-0.02617067199103699,0.12650950409587025,0.2965087341916583,-0.1091525932858026,-0.13113875611729192,1.0,0.7468235861137529,-0.02548336394761307,-0.051740608359131746,-0.01973689252632129,-0.02599548707010709,0.13669876630697722,0.10307641620956963,-0.018232565021509866,0.049670857271588105,0.04027768766829395,-0.006569966811871352,-0.17272770998835354,-0.19507904051421526,-0.2327946099938738,-0.10397751192348408,0.1919148520254723,0.0226830379868499,-0.02433126601368129,0.012146603168089841,0.03590609505245345,-0.042855283377476516,0.16241681648227865,0.0418932833721972,-0.036087127874709524,0.09484114833928177,-0.00725564157586048,-0.012526881857199159,-0.0393850903285496,-0.06735876583421188,0.1320285129447529,-0.029011830331189516,-0.05603084752669315,0.05040817524526093,-0.0019140895405578375,0.03264101023163032,0.0016520525308033813,0.06316203389016399,0.0556070659484138,-0.02140417721685322,0.17221820142077574,0.06199329556679495,0.2171454652985835,-0.16438660245852413,0.09650900539392931,0.07024755099170497,0.06474997496046657,0.10035058785741952,0.013045784826890526,0.12474068594727934,0.07744633982091713,0.044238411023688966,-0.028534810036013745,-0.060238564842806167,0.03373560488447679,-0.09607604185111154,-0.07178301531307962,0.03685070841808526,-0.060883816328611305,0.07791350541096984,-0.02355747702180166,0.011867655353402335,-0.011867655353402408,-0.02013945518490724,0.020139455184907222
h_27,0.11581136417645878,0.11623148515052781,-0.05282712897736406,-0.02429798214429105,0.10724143659564152,0.15950216518290683,-0.18302923656454934,-0.017508018506280677,0.12254187128394771,0.303388887637328,-0.14979644583077376,-0.1401990351133662,0.7468235861137529,1.0,-0.1686603027714573,-0.08295290237516147,0.08983243685388102,-0.08386794172670804,0.14269009203909339,0.14690475464747518,0.02946159904952102,0.06608904919702295,0.16118416848115152,0.06604349472418257,0.038299828755119246,-0.11841001649564507,-0.07359640079276193,-0.07563391526217803,0.30253938663074337,0.032068715833157034,-0.02467980537186106,-0.030856562012456963,-0.027525402967966676,-0.12580396452669151,0.16878815170181208,-0.007758883720334557,-0.03102537868394091,0.12027410628505304,0.03948125328409021,0.10337008173402275,-0.05616081938878265,-0.008168112449677483,0.06140352503098334,-0.03959840684403656,-0.050022586024500396,0.0033908675751312413,-0.04684672751946937,0.10661692166776748,-0.006187285698083206,0.02722715034197734,0.06480648296065152,-0.06724642326563081,0.10506507348612688,0.00321975170135508,0.2969116297321015,-0.16289075164737443,0.018101060609110618,0.08984372514428937,0.05899720683802288,0.02139571905015212,0.07044555429363442,0.08015997399536576,0.033051375344074416,0.029709022224561562,-0.013724684153575957,-0.01300593167557524,0.003389903762227881,-0.06945569382843679,-0.05204824407651263,0.041911968455458706,-0.07116100825819624,0.13102582784861525,-0.05771942070328629,0.03741812786527149,-0.037418127865271565,-0.12752729162940507,0.12752729162940504
h_28,-0.005726230951247941,-0.0060910965772882015,0.02546877551199916,-0.08788057760550837,0.05478400380676385,0.03540803290043026,0.19220653052867034,0.035181201264995826,0.024918781194261386,-0.06581518819048686,0.3017188518663913,0.2477518334086975,-0.02548336394761307,-0.1686603027714573,1.0,0.33749437636234036,0.11166067362693968,0.013812401192424502,0.04300109729322105,-0.12851428586325692,0.04002280906783296,0.11499887025959298,-0.05940499781430004,0.07997044904333571,-0.008068488172520963,0.055819219141736244,-0.011003045208518166,0.02065270705398042,-0.046169022189417486,0.019189664381921184,0.11438363695511074,0.20801413581998562,0.05306030316523382,0.11581006952622808,-0.04948651991469662,0.05873197384952879,0.035733590552213465,-0.07922521028389479,0.004985897004741469,-0.002915468193583736,-0.026625271828665704,-0.06490958768607027,-0.03835007888568144,-0.08716781338864064,-0.108761119911307,-0.011947125427151938,0.028361410027930006,-0.08248743212307487,-0.006626601829526776,-0.03937959060132699,-0.10331724159240416,-0.02801851470938695,0.07245410423032358,-0.09064093907872639,0.013245621298781875,-0.03446052843354454,0.08323772267597389,-0.1297343347910291,-0.13915381335929639,-0.08096282773827128,-0.16834689134686098,-0.13206242305110397,-0.10642383878071288,-0.05290720641680322,-0.09673405836120694,-0.03274188100072161,-0.059749623122218265,-0.05975074624942595,0.16820772281648771,-0.01615229822345285,0.019647728411837456,-0.054187395239816964,0.036101477772111264,-0.05622575556211529,0.05622575556211535,0.0875611592799878,-0.08756115927998773
h_29,-0.05094592334783883,-0.0505142328953199,0.10540647632490917,-0.02441194656877555,-0.020351602383573215,-0.03263926139012631,-0.0460072062816876,-0.045254994902873664,-0.05885457513547389,-0.07334402603283106,-0.014899379852085481,0.22048239503639125,-0.051740608359131746,-0.08295290237516147,0.33749437636234036,1.0,-0.1144543173257051,0.04119578369047941,0.09022487397050721,0.038425783814979936,-0.03726503374759214,-0.04321672325649802,-0.08246312940263759,-0.04038253980857102,-0.08043586288811401,-0.002945513099721608,0.06869528832709414,0.0593818886945416,-0.0709575672597779,-0.0865106102118068,-0.06214773162544939,0.10086770709155314,0.050960060151235664,0.08797062126559836,-0.09927017651925557,0.06186446162466738,0.010508349702197136,-0.03884786431538181,-0.07222107041226986,0.0704434197096756,-0.03884355789313699,-0.05973727684764101,0.08849934842762737,0.0066311942290299035,-0.06357083608047934,0.05559210180835655,0.05546550195570737,-0.04032624853366688,-0.04618411476809747,-0.15437269738977094,-0.2633835130343783,-0.037406762095758245,0.028279881600451796,-0.06327427810870381,-0.13280889126721293,0.008235268795335458,-0.029207855387909383,-0.06192785051796235,-0.036422502388647846,-0.2240678610895503,-0.08899463266693454,-0.14103404886368154,-0.1764673506643229,-0.010065849081562469,-0.06348238025585135,0.06351166146215663,-0.054845352578949104,-0.02541372303311758,0.16735606535945463,-0.12478715402545926,0.05980790645201001,0.06760804794007261,0.022767432838727092,0.07555309050832566,-0.07555309050832562,-0.01899169187321376,0.018991691873213725
h_30,0.06717050194687618,0.06706184303108173,-0.004582054695256581,-0.13851836104800969,-0.10565685537405256,0.17938154984570062,0.027966118261566846,-0.02937017038078936,0.03810294995657338,0.11885968281863349,-0.050440790358330365,0.09910819768842122,-0.01973689252632129,0.08983243685388102,0.11166067362693968,-0.1144543173257051,1.0,0.17971060630818178,0.20788569954023678,0.033947703677374354,0.14709575482879883,0.17279379035089548,0.18215489632003437,0.3071352399105839,0.11995423028079585,0.08735212420442828,0.08206653896020104,0.12557584876636366,0.20178740369197967,-0.0024383998281536775,-0.07387874516805928,0.03391920432591483,-0.06839719391220775,-0.07480793049682391,0.19415718253589687,0.05703419168560243,-0.07992277162724715,-0.0345127771911043,0.05258464364356453,-0.011747512874244522,0.00965458466148791,0.051395982841564984,-0.047952489579482525,-0.04540004515484257,-0.007287775332993643,0.06349508753861659,0.018605464502057384,-0.11274642161511714,-0.1164687524831355,0.24833449305389482,0.23650020452838744,-0.10111377137874493,0.14648887631528185,-0.00919864561103335,0.14561786965091045,0.03143201254835258,-0.05818536265095317,0.048544619720972945,0.11274400069181062,0.15501658067132082,-0.022188246071366942,0.1853840959340222,0.14502403453965632,0.035785196349335524,0.03299156715841755,-0.131376255804433,0.034341746458435615,-0.040650956527461694,0.05515355910013698,0.1022576815986538,-0.06639826584430537,-0.10950065498277496,0.04866616319880361,-0.03248217311510191,0.03248217311510189,-0.010215778028357606,0.010215778028357632
h_31,-0.16213382967267717,-0.1621657075408014,0.03861952452070862,-0.05335581737536756,0.016536340511017798,0.015344233084164494,-0.16435341704185644,-0.0658822490899622,-0.048924498413668686,-0.17703129357904457,-0.0014024047141778988,0.06402494775089403,-0.02599548707010709,-0.08386794172670804,0.013812401192424502,0.04119578369047941,0.17971060630818178,1.0,0.25099528206402755,0.16449765339322162,0.300949743335187,-0.06424833668855004,0.0592037002570525,0.13451834515395272,0.08050527243632927,0.0026236277485936137,0.009678062178020856,0.043046946900151706,0.2216065681260068,0.1114977972537799,0.01848886186418548,0.17167705749163625,0.08457396266314411,0.12179236740364258,0.03930370377107993,-0.10036964086152086,-0.025930214894141053,0.09799197073408152,0.028707200667884347,-0.054076841799396876,0.10602839098818126,0.06381934462095092,0.075176625957187,0.1332868335964594,0.1048444394064936,0.07411388929223212,0.17724887882431536,-0.16172185524120453,-0.21533485643313513,0.08678376998257974,0.08175259215374293,0.11178561240098861,0.0036585318535663465,0.030140872910089277,-0.02777695655145105,0.07874533620521765,-0.06973096115663628,0.028606748847911288,0.10791622605239738,-0.054404088180690445,-0.08895844071912049,0.11760140672019884,-0.07203180752606744,0.02265998595834231,0.10570273038372717,-0.028230711043862166,-0.03282044830247687,-0.038387549911837265,0.10708528344679513,-0.026178830064202876,0.10040073326337048,-0.10252483051027272,-0.02619717364419479,0.032606902463481455,-0.03260690246348139,0.09114593654155884,-0.09114593654155882
h_32,0.08213959701841786,0.08157011803368948,-0.11582934580311204,-0.07700897321257444,0.006778749116766654,0.16962791928085796,-0.1662565915268056,0.020883271154273547,-0.025243251593477106,-0.05232055660725568,-0.12682510934793872,0.04505389244956567,0.13669876630697722,0.14269009203909339,0.04300109729322105,0.09022487397050721,0.20788569954023678,0.25099528206402755,1.0,0.1268992405338845,0.4112644132126989,-0.10072699748111916,0.07110137230798835,0.2318934034967859,-0.006959579567510611,-0.056698671704944845,0.0868553826855783,-0.01541375815711371,0.2820844811313454,0.11320380751152799,0.0030209153684726195,0.09702827506000591,0.10529252333474474,-0.005784749145492332,0.06956418470057979,-0.052332126345397294,-0.014947536049540334,-0.011635085765171232,0.0009066898287920463,0.022515462732925675,-0.03024786953509434,-0.04126983206672843,0.09923808018986514,-0.08058622768791579,-0.06971219826742649,0.08717560413851809,-0.02177134773244563,-0.11231328736701042,-0.14299389347769803,0.0796076120313711,0.09139285963070855,0.0008833728026954736,0.018932565086501443,-0.09537259073151387,0.0343903977915519,-0.0032712199874589576,-0.024102328671840027,-0.01854763098891651,0.021236859462954043,0.05996975759770838,0.0732406089451151,0.05553548019063097,0.011085608252913746,0.023984849547220355,0.030110024465928666,0.007477131362456717,-0.10362317787358126,-0.05459428364328165,0.034603627195874176,-0.03097654998333749,-0.031824896171407484,0.14303026829886567,-0.02882136222851724,-0.10123680046880404,0.10123680046880401,-0.001250812775033576,0.0012508127750335406
h_33,0.034905767653075216,0.034271513972410995,-0.16813715787333192,-0.06897683346719856,-0.03902145165674297,0.023648997720559835,-0.14693183983681718,-0.0909552852664418,0.028505272062257517,0.021139323343879735,-0.16152403827264292,-0.19524274000047825,0.10307641620956963,0.14690475464747518,-0.12851428586325692,0.038425783814979936,0.033947703677374354,0.16449765339322162,0.1268992405338845,1.0,0.25771610835875725,-0.08933489130279842,0.12495451411681907,0.11259160980824458,0.14592606561308333,-0.08387828531292144,-0.04540468974408349,0.04674884788494489,0.1565642693196079,0.096509446080176,0.06922854689296969,0.04938920741990689,0.014357144971425758,0.04371040772710193,0.2761842079265952,-0.052989404136208666,0.06324815304507495,-0.05880563439220902,0.051079268836250774,0.08081818350451875,-0.046979770583544134,0.08450297165156546,0.010653281423570544,-0.011965923847308128,0.10906263081545496,0.07280002332318361,0.018334836383937098,0.010328405754220716,-0.003636442295610933,0.04636517412686967,0.1257739088699164,-0.06102772312474414,-0.04246493802344987,0.0531557812021424,-0.018104816080530554,-0.05358953664254833,0.013863578885370239,0.15556013350525,0.09681509397232127,-0.09328422934008286,-0.1027470335783127,-0.06039407368357175,0.020616400781933823,0.04728888417685006,0.21543415073605462,-0.018444460384108446,-0.025662890032881976,0.04662115686301167,0.018009516430464004,0.04221873780652063,-0.07786685927094984,0.14627933798468182,-0.06077926944266741,-0.10263740043530735,0.10263740043530735,0.056446201158550285,-0.05644620115855028
h_34,0.004186382729278536,0.00366515916485793,-0.14571934823763522,0.027242799242425564,-0.05512704530432164,0.05603038705219126,-0.014238157876973837,0.05376865208324475,0.09400538046246959,-0.0386939414936224,-0.010000007849422418,0.030435816118563868,-0.018232565021509866,0.02946159904952102,0.04002280906783296,-0.03726503374759214,0.14709575482879883,0.300949743335187,0.4112644132126989,0.25771610835875725,1.0,-0.013115715400028833,0.12293494051878474,0.3179759494514491,0.05798505952995554,0.09912823182742153,0.13684959223236712,0.1864350744481861,0.25115314637805414,0.05636357312860354,0.043235316417016986,0.09837787683400043,-0.023021462438067068,0.10310155710129217,0.19532965827251128,0.04364891956932723,-0.055653340173064614,0.05749375470463585,0.05968544846196742,0.06496744160620362,0.11511836142750786,0.13457972667829207,0.0939955882357989,0.10878878540802904,0.09022940429023793,0.11791711845579282,-0.01722900067592037,0.004137979290208967,-0.05538611351550676,0.12023202158065818,0.09394500174215416,0.005041490801679378,-0.14742336720855717,-0.07065671182439444,-0.04799732236346747,0.13468484116842136,-0.1823066173777999,0.05380041668297528,-0.0457345450301793,0.07195932376786773,0.05672823052748274,0.07264895252380245,0.09185676555434492,0.09400611340572013,0.15545734887259538,0.0627975192873366,-0.05626451648346247,0.023565489270328945,0.10595435972240874,0.02029603594520794,-0.12191868221697455,0.11478305705994288,0.05428821342116145,-0.07507356993889422,0.07507356993889419,0.019412382514707914,-0.01941238251470799
h_35_a,-0.06851871529794065,-0.06842824311439667,-0.009345866954304678,0.033736507811376076,-0.002684144939258779,0.14522949277395575,0.23333166287611132,0.007592999469744258,0.14101825907019414,0.08837322217464512,0.17417102132831477,0.03187703596165039,0.049670857271588105,0.06608904919702295,0.11499887025959298,-0.04321672325649802,0.17279379035089548,-0.06424833668855004,-0.10072699748111916,-0.08933489130279842,-0.013115715400028833,1.0,0.1335747133171736,0.0923962384813762,0.3036540601826398,0.1234864143317203,0.1120984022417779,0.03062473172201748,-0.04327789481506111,-0.10437312873931663,-0.09003803245510486,-0.04031856808191489,-0.13184423811071797,-0.011866989470958876,0.13529516212752327,0.09601781993465297,0.006876159994335989,0.17112242789361076,0.041223045455873616,0.029122576580946177,0.05539681262826024,0.03797898252727939,-0.05559333944638202,0.05871487448451226,-0.022642640856474345,-0.08430380874080776,-0.009306144611056926,0.0058699983605638014,-0.01119184169469427,0.037330367597250065,0.08499799954738554,-0.019788320897041956,0.062124221876247374,-0.06488463427742262,0.10650943337379754,0.027854513108971458,-0.05781940131443468,-0.0971104084996059,-0.15604966394933087,-0.026332976996286103,-0.05823381883903723,-0.052944892030961095,0.017433058399621598,-0.13825047107645447,-0.10559249120247455,-0.02349593719132722,-0.005972513161933889,0.05105004073656324,-0.03133983908078353,0.103816978621355,-0.2558854724270168,0.07039612992093705,0.17040042350498283,0.02929297451783486,-0.029292974517834865,0.01833412062943583,-0.018334120629435794
h_36,-0.0011970323894632188,-0.00041476576721123025,0.13904429422442421,-0.029852624226231587,0.004823539938619404,0.20892841800027948,0.041593614855623025,0.035876686068138486,0.11595522841688606,0.09314697889483292,-0.10535969730776477,0.07881802273522168,0.04027768766829395,0.16118416848115152,-0.05940499781430004,-0.08246312940263759,0.18215489632003437,0.0592037002570525,0.07110137230798835,0.12495451411681907,0.12293494051878474,0.1335747133171736,1.0,0.42724779713709704,0.24066874492479823,0.04934647710573285,0.10659532515044944,0.03831306511239638,0.19803749048174324,-0.04413292546407704,0.05539380205153807,-0.039602977665638146,-0.06521257350317261,-0.07326774996924774,0.3584850149509091,0.040258157706254905,-0.00938410499593375,0.11018257641834607,0.021054885236506705,-0.03496869346317467,-0.1738365752640874,-0.017133405720545974,0.008799346826276463,-0.011516056092975428,0.01878427535881826,-0.042155572336040725,0.02044610929905016,0.028145279831116244,-0.01038302895433385,0.12389646243600284,0.08123163565662661,0.12029523309604917,0.038419489777628935,0.14205481801899017,0.06097941464245271,0.05726451845694579,-0.0740805091465157,-0.07345884104741664,0.006392925135080889,-0.04842125918203103,0.057066178825354544,0.05164030433877301,-0.006882851877427366,-0.0008069538864403042,0.12698283679275146,-0.08427164269022328,-0.03119365269429676,0.03226019554726829,0.10387185405063716,-0.0021321116087316167,-0.017436028009477716,-0.023696789056101352,0.046032380185636004,0.11537949187126763,-0.11537949187126766,-0.06948084256673037,0.0694808425667303
h_37,0.07133649946264288,0.07172283762124243,0.032708653738334405,-0.05981026966940655,-0.05580666771811888,0.2570223280556546,0.03506452949614443,0.030577155168153004,0.1566010959898569,0.1639136348650318,-0.050110229105324214,0.07942684183176967,-0.006569966811871352,0.06604349472418257,0.07997044904333571,-0.04038253980857102,0.3071352399105839,0.13451834515395272,0.2318934034967859,0.11259160980824458,0.3179759494514491,0.0923962384813762,0.42724779713709704,1.0,0.15345201584000784,0.06569429724889513,0.17491463029270227,0.05223235117902894,0.26083065628910684,-0.04104760627433799,-0.07904181340168724,-0.015564271510733592,0.0364572639464905,0.12010783027551158,0.18628236982684965,-0.01851710257790609,-0.06685797647750388,0.008788953182797102,0.008532466299069057,0.03951343716603845,-0.10395149811756497,-0.04089560051525667,-0.10805451541941717,0.05505930477389524,0.034004756825105446,0.06347222559227252,0.012581620569269198,0.05993469327586215,-0.034113753350497836,0.18458482032516282,0.12325058455630301,-0.05076383130109172,0.08642391083914096,-0.04306492204808594,0.08193091590843947,0.05421445568947565,-0.07280522535983458,-0.06929555455761464,-0.05095413515822647,0.029520371749193065,0.11091639316476792,0.12271043027312266,0.10118383347445213,0.10569843506763374,0.0653712835695315,0.0037243268145492974,-0.12726819707045986,-0.03535852101138165,0.06574926107326938,0.008966364179345059,-0.06370522147221404,0.029189027165836084,0.054878086877312424,0.040416759310360935,-0.040416759310361,-0.06942121051084905,0.069421210510849
h_38,0.10605554068260627,0.10563009883399313,-0.047763178765892166,-0.05684295927601636,-0.1122532807214452,0.15536490454544577,0.10173613758952195,0.056725274471403436,0.09690848061483065,0.034403189324470264,-0.07286306260699085,0.1209624564337372,-0.17272770998835354,0.038299828755119246,-0.008068488172520963,-0.08043586288811401,0.11995423028079585,0.08050527243632927,-0.006959579567510611,0.14592606561308333,0.05798505952995554,0.3036540601826398,0.24066874492479823,0.15345201584000784,1.0,0.11892382395688574,0.37140962244141923,0.10668113789248193,0.07932699791600817,0.04024484207366163,0.05514243120977545,0.04371291018710252,-0.11169234146460438,-0.06880695428185547,0.20036187106126524,0.023568889972547146,0.0758694762621673,0.04494849216732581,0.05964075160442549,0.06128648014330419,-0.03577136467944814,0.033176810940461224,-0.03993490536710559,0.0233165805594223,-0.0452342192745318,0.04435579907436654,0.0457839164871029,0.05409926563596734,0.014506050821739903,0.07091457985498108,0.08101280036437525,-0.04569038751960527,0.15935765901869964,0.037425386567472976,0.23581691758026455,-0.046451567985744076,-3.54853608158156e-18,-0.017547657596832453,-0.053646964225073236,-0.044912623977799875,0.01245221705369706,-0.07344597379009317,0.03449054393975183,-0.010207114582914754,0.03255240771720118,-0.07830418523132018,0.005949207112766403,-0.014070945152241105,0.03028453576724676,0.11065205854826889,-0.10120511309409207,0.019939742805549197,-0.015805683962139078,-0.0806252639172098,0.08062526391720978,-0.07674545931033266,0.07674545931033269
